45607
45605
45603
45601
45513
45511
45509
45507
45505
45503
45501
45401
45317
45315
45313
45311
45309
45307
45305
45303
45301
45101
45004
45002
44901
44815
44813
44811
44809
44807
44805
44803
44801
44701
44604
44602
44511
44509
44507
44505
44503
44501
44403
44401
44301
44205
44203
44201
44105
44103
44101
44003
44001
43915
43913
43911
43909
43907
43905
43903
43901
43815
43813
43811
43809
43807
43805
43803
43801
43756
43754
43752
43750
43748
43746
43744
43742
43740
43738
43736
43734
43731
43729
43727
43725
43723
43721
43717
43715
43713
43711
43709
43707
43705
43703
43701
43603
43601
43501
43413
43411
43401
43337
43335
43332
43330
43327
43325
43321
43319
43317
43315
43313
43311
43309
43307
43305
43303
43301
43207
43205
43203
43201
43105
43103
43101
43003
43001
42901
42807
42805
42803
42801
42728
42726
42724
42722
42720
42718
42716
42714
42711
42709
42707
42705
42703
42701
42601
42501
42411
42409
42405
42403
42333
42331
42327
42325
42321
42307
42303
42301
42221
42219
42217
42215
42213
42211
42209
42207
42205
42201
42177
42175
42169
42167
42161
42159
42157
42155
42153
42151
42147
42145
42143
42135
42133
42131
42129
42127
42125
42121
42119
42117
42111
42109
42107
42029
42025
42023
42019
42011
42009
42005
42001
41963
41961
41957
41955
41953
41945
41943
41941
41939
41937
41935
41931
41925
41921
41917
41911
41909
41903
41901
41821
41819
41817
41815
41813
41811
41807
41709
41707
41703
41701
41607
41605
41559
41557
41553
41549
41547
41545
41543
41541
41539
41537
41533
41531
41529
41527
41525
41523
41521
41519
41515
41509
41507
41505
41503
41501
41403
41401
41319
41315
41313
41311
41307
41305
41301
41205
41203
41201
41105
41103
41101
41019
41017
41013
41009
41007
41001
40909
40907
40803
40801
40721
40719
40713
40711
40709
40707
40705
40703
40701
40603
40601
40529
40527
40525
40519
40517
40509
40503
40501
40405
40403
40401
40351
40349
40347
40345
40343
40339
40337
40335
40333
40331
40325
40323
40321
40319
40317
40315
40311
40307
40305
40148
40146
40144
40142
40140
40136
40132
40130
40128
40126
40123
40119
40117
40115
40113
40111
40109
40107
40105
40103
40101
40007
40005
40003
39927
39923
39921
39919
39917
39915
39913
39911
39903
39901
39899
39895
39893
39891
39889
39887
39881
39879
39877
39875
39873
39865
39863
39861
39859
39857
39855
39853
39849
39847
39843
39841
39839
39837
39831
39829
39827
39825
39823
39821
39819
39817
39815
39813
39811
39809
39807
39805
39801
39707
39703
39611
39609
39607
39605
39603
39601
39517
39515
39511
39509
39507
39505
39503
39419
39417
39415
39413
39411
39405
39403
39235
41512
39231
39229
39227
39225
39223
39221
39215
39201
39113
39107
39103
39101
39039
39033
39031
39025
39023
39021
39015
39013
39011
39009
39007
39001
38905
38903
38743
38741
38739
38731
38729
38725
38723
38719
38715
38713
38707
38703
38701
38607
42730
38601
37339
37337
37330
37326
37324
37320
37318
37316
37314
37312
37308
37306
37107
37105
37101
37013
37011
37007
37005
37001
36959
36957
36953
36949
36947
36945
36913
36911
36909
36901
36852
36846
36844
36842
36840
36838
36836
36834
36830
36828
36826
36824
36818
36816
36812
36810
36808
36806
36804
36802
36800
36796
39020
36792
36788
43410
36780
36778
36776
36774
36768
36764
36760
36733
36731
36729
36723
36719
36717
36715
36709
36705
36703
36701
36619
36615
36613
36611
36609
36545
36543
36539
36537
36535
36131
36129
36127
36125
36119
36115
36113
35711
35709
35701
35629
35623
35619
35615
35613
35203
35201
35103
35025
35021
35013
35011
35009
35007
35005
35003
34901
34803
34629
34627
34625
34623
34621
34619
34617
34613
34611
34605
34603
34601
34599
34597
34595
34593
34591
34589
34587
34585
34583
34579
34577
34575
34573
34571
34569
34567
34565
34563
34561
34559
34557
34555
34553
34551
34549
34547
34545
34543
34541
34539
34537
34533
34531
34529
34527
34525
34523
45001
34519
34517
34515
34513
34511
34509
34505
34503
34501
34449
34445
34439
34437
34435
34433
34431
34423
34421
34419
34417
34415
34411
34409
34405
34403
34349
34347
34345
34343
34341
34337
34333
34329
34327
34325
34323
34311
34309
42713
34303
34247
34245
34243
34239
34237
34233
34229
34227
34225
34219
34201
34119
34109
34105
34103
34025
34021
34017
34011
34009
34005
34003
34001
33999
33997
33993
33991
33985
33983
33981
33979
33977
33975
33971
33961
33959
33957
33955
33953
33951
33943
33941
33937
33929
33925
33923
33921
33919
33917
33911
33909
33905
33901
33811
33803
33801
33728
33726
33721
33717
33715
33713
33709
33701
33603
33601
33501
33401
33311
33307
33305
33201
33121
33113
33111
33109
33101
33094
33089
33086
33063
33055
33049
33032
33029
33013
33005
32998
32994
32992
32990
32984
32982
32980
32975
32961
32959
32949
32922
32918
32882
32873
32871
32845
32838
32836
32823
32813
32790
32786
32784
32774
32757
32743
32741
32734
32728
32718
32708
32483
32481
32475
32450
32442
32438
32428
32425
32416
32407
32378
32372
43324
32343
32341
32315
32309
32299
32297
32295
32289
32283
32275
32269
32265
32263
32251
32247
32230
32228
32223
32201
32130
32124
32103
32094
32080
32068
32057
32055
32044
32038
32036
32014
32004
31931
31921
31919
31917
31909
31905
31903
43403
31809
31805
32768
31680
31676
31656
31654
31652
31650
31648
32767
31637
31635
31633
31631
31629
31627
31625
31621
31617
31544
31535
31528
31520
31510
31507
31496
31483
31477
31482
31473
31471
31469
31467
31465
31601
31457
31435
31426
43334
31421
31418
31414
31409
31405
31326
33002
31317
31315
31312
31227
31223
31219
31217
31215
31213
31211
32809
31207
31205
31201
32911
31103
32098
30901
31541
30801
30701
30603
30505
30503
30501
30405
30401
30314
30309
30307
32853
30303
30301
30236
30232
30230
34354
30224
30221
30209
30203
30201
30153
30151
32989
30145
30136
30134
30132
30130
30128
30125
30121
30111
32123
30105
30101
30087
30140
30083
30075
30071
30058
30056
33003
30052
30050
30042
30032
30026
30024
31005
30020
30017
30011
30009
30005
37303
30066
29840
29838
32465
29828
29826
31646
33023
29818
29816
29814
32225
29809
29807
29803
29709
33031
29692
29690
29688
29684
33118
29680
29676
29674
29660
29658
31537
29640
29632
29630
29628
29624
29618
29608
29604
29595
29593
29583
29581
29579
33115
29571
29568
29566
29558
29554
29550
29548
29545
29540
29536
29534
29527
29517
29515
29511
29509
29506
29501
29435
29429
29419
29414
29397
29386
29378
29373
29366
29363
29361
29355
29353
33024
29342
29337
29311
29307
29303
29301
29219
29216
29214
29203
29200
29186
29179
29167
29165
29156
29148
31532
29139
30107
29133
29120
29117
29105
29096
29090
29086
29083
43503
29067
29065
29061
29058
29053
29050
29048
29046
29042
29040
29034
29032
29028
29019
29016
29002
28724
28721
28719
28714
28712
33723
28602
28444
28437
28435
28429
37332
28412
28409
28403
28342
28333
28331
28327
28325
28425
28309
28307
28301
28220
28206
28203
28000
27996
29327
27990
27985
27982
27979
27976
27972
27970
27968
27966
27964
27933
27931
27922
27919
27901
29445
27896
27893
27891
27886
29428
27876
27866
27860
27855
27849
27846
29189
29060
29437
27814
27807
27805
28101
27721
27712
27706
27647
27640
27638
27633
27631
27627
27622
27620
29021
27606
27604
29416
27594
27592
27589
27586
28313
27570
27556
27554
27552
27548
27541
27840
27535
27529
29024
27517
27514
27512
27709
27502
27497
27495
27493
27485
27477
27475
27617
27649
27467
27465
27453
27613
27449
27447
27444
27442
27440
27435
27717
29052
27423
27906
32466
28318
27388
27385
28214
32394
27349
27344
27341
27339
27337
27315
27313
27311
27309
27306
27180
27176
27155
27153
28726
27149
27146
27144
27141
27139
27121
27113
29153
27018
27011
27008
26942
26926
26919
26913
27420
26848
26842
27563
28411
27303
27367
26825
27869
26813
26809
28607
26804
26714
26712
27509
27348
26676
26674
27108
26667
27942
26659
26657
26649
26641
26628
26925
28727
28205
28431
29553
26515
29508
26509
29513
26418
26416
29433
27138
29400
26357
26353
26351
29188
26907
26342
26339
26330
29023
27903
26319
26317
29380
26312
26368
27148
29154
26209
26204
26096
26091
26089
27540
26073
26067
26403
26061
26058
26652
26044
27403
27610
29340
29212
27484
26009
25899
25892
25876
25869
26326
28801
25856
29310
26522
27416
25831
25829
29531
25818
25804
25802
29205
25735
26018
27907
29026
25622
27387
26687
25611
29538
25508
25506
29190
25406
25402
25320
27863
25871
26526
25107
29116
29027
25063
25054
29519
25040
25037
32986
25846
25011
25002
25862
25855
29169
24969
24961
24957
28209
24944
27925
26501
26405
26082
29329
24917
24915
29411
24911
24909
25875
24905
24903
29383
24866
27719
24854
24844
24842
27378
24823
24797
28002
25814
24775
24763
24731
24729
24719
24715
27167
24689
27645
26820
24672
24636
27304
24620
24614
24596
24586
24578
24570
24560
24544
24538
29143
24516
24510
24484
24480
24458
27531
29144
24404
24382
24380
24378
27331
24340
24334
24318
29125
24314
25317
27143
24272
26077
26341
27812
24256
24250
24232
24228
24224
24220
24206
24182
25608
24174
24966
28330
27905
26361
24124
24122
28225
24096
24082
24068
24064
24054
29306
24032
24018
24010
26627
23996
31314
23978
29178
23950
23946
27324
23912
28615
23864
23852
23848
23828
23816
23804
23796
23794
23760
23736
23734
23722
23718
23700
23692
27803
27318
23662
23648
27916
23626
23624
23622
23600
23586
28703
29031
29358
23545
23537
27914
23527
29191
23521
29313
23515
23485
23483
23459
23457
23449
23439
23425
23421
23403
27160
23393
23383
27888
27574
23351
27567
23329
23327
23305
23297
23295
23289
23275
23269
23261
23259
23255
23253
26936
23241
23239
23223
29104
23209
27826
28003
23185
26378
23175
27414
23147
23145
23143
23139
23137
23133
23127
23079
28702
27332
23055
27128
26688
23029
27558
23025
23021
23012
22998
22992
27006
22978
22968
22966
22950
22946
26324
22912
22906
22900
22896
27159
22858
32979
22844
25004
22828
22808
22804
22802
22794
22790
28405
29001
27723
27352
22686
22680
22678
22666
22664
27865
22648
22634
25624
30217
26648
27135
22568
22564
22556
22518
31303
27129
22476
22474
22464
22462
27585
22452
28440
27954
22378
29525
22310
22308
22306
22304
22294
22288
22286
28322
29331
29171
22248
22224
26704
27323
22188
22162
27131
22152
22146
29368
22132
22122
22120
22112
29359
28428
22098
29094
22058
22036
29320
22022
22018
22014
24973
29102
26511
22000
21992
21978
21970
21944
21938
21922
21920
21888
21860
21856
29315
26048
27839
27602
21806
21798
29152
21734
21710
21686
21672
21640
21622
21616
21602
25027
21584
29162
29305
21544
21528
26903
27827
27434
21516
21502
21492
21488
21470
21448
21433
25035
21417
21413
28709
29080
21359
21357
21351
27014
21335
40906
29045
29202
21284
21278
21276
43323
27446
21254
21252
27201
29126
26708
28608
27488
21192
21182
21178
27508
21132
21106
21096
21092
25725
21068
27504
21060
27921
25502
29010
28213
27397
20988
20978
27809
20954
26334
20934
20932
26666
27580
29076
20882
20878
20876
20874
27823
27708
20852
20828
20826
20794
20762
32384
20740
29098
20734
20726
28434
20704
27562
20668
20650
20644
20642
20630
20616
33015
27727
20588
20572
20564
20544
20538
27644
20516
29401
27733
20496
27501
20470
31602
20450
29071
27116
20422
20412
27302
20368
20358
27402
25896
20318
20316
20308
20306
20298
29526
20282
20280
20274
20264
20250
27731
28502
25046
20206
20196
30205
20188
20178
20166
20154
20134
20126
20124
20111
20095
20091
20087
20069
20065
20043
20041
26332
20005
27734
19993
29391
19942
19932
25512
19918
19906
26407
19894
19880
19876
19874
19850
19814
27322
19804
19802
27871
19784
19776
19774
19766
19760
27591
19698
27479
19652
27169
29218
19618
19610
19588
19564
19542
19534
32031
19518
28341
27810
24937
19488
19464
27926
19452
19450
19432
27918
27464
19418
19408
27551
19374
19372
19338
29155
19314
19312
19308
19284
19282
19276
19274
19268
19246
19236
19222
27373
19194
29395
29406
27317
19144
19127
19125
25075
19101
19085
19077
19071
19069
19053
26909
29341
27463
18997
18995
29324
18963
29109
18943
25834
18939
18911
18905
29349
18899
18897
18891
29421
18879
18875
18863
18861
18857
28218
26822
27939
18831
18809
28222
27851
18759
29514
18743
27377
27158
18713
18701
24941
18677
18655
18637
18635
26703
18619
18617
18615
18611
27120
18571
18569
18567
24936
27828
18549
18545
18533
18531
18527
25721
18467
29072
18447
18439
18431
18425
18415
18401
18395
18391
18385
18381
29064
18371
26835
18329
18327
27872
32032
18295
27343
18251
27626
18213
18207
18203
18197
18185
18177
27035
26921
18135
18119
18117
26665
18097
18089
18045
29018
18039
25891
27410
17985
17975
29432
17959
17927
17919
28344
17885
17881
27335
28226
17869
17861
17857
25314
17837
17829
17811
17807
27376
17745
29211
17733
17705
26202
17697
17681
29013
27987
27481
17633
29131
17597
17591
29038
29439
17559
17523
27457
28408
27437
17483
17455
25880
25058
17415
29440
17399
17397
17389
17385
17383
17363
17359
17355
27112
17349
28324
17307
17299
17293
17291
17285
17267
17251
17247
17245
29199
17219
27362
17207
29173
17159
24989
17131
17115
17109
17069
27838
17055
17029
17007
17003
16997
16985
16983
16981
16973
16971
27947
31530
16953
16947
16937
16935
16931
16923
16911
16907
28339
16797
16789
27125
16783
27715
26360
16765
16763
16733
28227
16729
16715
16709
16707
29318
25701
27858
16677
26812
16641
16637
26671
16611
16597
16589
16583
27913
26847
16523
16509
16501
16495
28346
16491
16487
29138
16477
28803
27383
16420
16412
16408
29151
29099
16400
26216
16392
16390
16380
27438
28704
16342
16336
16306
16302
16290
16284
16262
16242
16214
16208
25105
16184
28406
16150
16132
16110
29163
16076
16060
16056
16052
27351
16016
16002
29322
15976
15972
15970
27615
15942
29443
15936
24955
15922
15912
15904
15902
15892
15888
28407
15872
27929
15866
15852
15846
15832
15828
15810
15802
32311
15782
15778
15770
15756
15728
15720
24984
27329
15702
15696
15676
26038
29014
29128
15628
29141
15618
27864
15612
15610
15608
15588
15580
29196
27382
27320
15550
15544
15530
32374
15472
27614
15450
15448
15446
15440
15438
15436
27963
15429
25026
15421
15389
15387
28433
15383
15377
27105
15371
15359
26833
15351
15347
15337
15335
15329
15327
27506
15319
15313
26021
15289
25740
26518
15273
15269
26359
15261
27407
29055
15229
28337
25858
27381
26060
15183
15177
15173
15155
30108
26207
26203
26075
15135
15109
28432
15103
28707
15099
15083
26602
15053
29394
15031
15019
14999
14993
14975
27124
14963
14955
14947
14933
29009
14923
14909
14903
27002
14889
14869
14867
14845
14789
14785
28314
29425
14743
14739
29015
14733
14711
29405
29112
24991
14701
14697
14693
27924
14673
14657
14639
14637
14635
27957
14625
28320
27123
27392
14567
14565
27369
14553
14533
14463
14461
14453
14445
14421
27999
14415
26608
27030
14383
14375
14351
14349
14347
14323
14317
14309
14289
14277
25104
14265
14241
14239
14237
14233
28439
14193
14175
14139
24990
27172
14127
14123
14109
14107
14085
14073
14051
14041
14027
14023
27029
27328
13999
25048
13975
26838
13959
13939
13935
13919
25060
13915
27650
28716
25861
13875
13861
29426
13843
13839
13829
13827
13797
26644
13787
13775
13773
13763
24996
13755
13753
26931
27802
13691
25744
13649
13627
13619
13611
28335
13603
13593
13585
13575
29012
13557
29159
13533
13529
29158
13501
29110
13495
13493
32460
13429
13423
13405
13403
13395
13391
26095
27859
13363
13353
27355
13341
13337
27928
13321
27358
13267
27943
13251
29403
13229
13209
13201
13195
13191
13179
28323
13143
13141
30218
13135
40718
13103
13097
13089
13079
27978
13065
28609
13009
12957
26937
12911
12891
12879
12875
27651
12863
12861
28306
12851
12829
12817
12803
12797
12773
25607
12725
12719
12717
26678
29107
27946
12673
12671
12629
12625
12609
